150.0 297.585 0.24500000000000455 7.75 0.25 3.0 0.0
149.0 291.93 0.01999999999998181 6.35 0.050000000000000266 3.0 0.0
148.0 282.345 0.10499999999998977 3.0 0.0 3.0 0.0
147.0 267.38149999999996 0.030499999999989313 2.993 0.05699999999999994 7.5 0.0
146.0 254.3205 0.03350000000000364 2.64 0.020000000000000018 7.5 0.0
145.0 242.9565 0.050499999999999545 2.5 0.009999999999999787 7.5 0.0
144.0 232.892 0.0519999999999925 2.42 0.010000000000000009 7.5 0.0
143.0 223.8845 0.055499999999995 2.365 0.0050000000000001155 7.5 0.0
142.0 215.688 0.058000000000006935 2.3 0.010000000000000009 7.5 0.0
141.0 208.2255 0.05849999999999511 2.23 0.0 7.5 0.0
140.0 201.3245 0.0625 2.14 0.0 7.5 0.0
139.0 194.91750000000002 0.05749999999999034 2.02 0.0 7.5 0.0
138.0 188.9665 0.06550000000000011 1.915 0.015000000000000013 7.5 0.0
137.0 183.395 0.0589999999999975 1.81 0.010000000000000009 7.5 0.0
136.0 178.1725 0.06050000000000466 1.6749999999999998 0.015000000000000013 7.5 0.0
135.0 173.2475 0.0625 1.52 0.010000000000000009 7.5 0.0
134.0 168.5985 0.061499999999995225 1.35 0.020000000000000018 7.5 0.0
133.0 164.1845 0.05349999999999966 1.1749999999999998 0.015000000000000013 7.5 0.0
132.0 160.15699999999998 0.09300000000000352 1.065 0.03500000000000003 7.5 0.0
131.0 156.0915 0.055499999999995 0.845 0.015000000000000013 7.5 0.0
130.0 152.42849999999999 0.09150000000001057 0.08 0.009999999999999995 7.5 0.0
129.0 148.87849999999997 0.09550000000000125 0.09 0.0 7.5 0.0
128.0 145.323 0.049000000000006594 0.08499999999999999 0.0049999999999999975 7.5 0.0
127.0 142.0385 0.050499999999999545 0.08 0.0 7.5 0.0
126.0 139.0265 0.08449999999999136 0.07 0.0 7.5 0.0
125.0 136.047 0.08899999999999864 0.07 0.0 11.25 3.75
124.0 133.06799999999998 0.05700000000000216 0.065 0.0050000000000000044 15.0 0.0
123.0 130.2735 0.05149999999999011 0.06 0.0 15.0 0.0
122.0 127.593 0.04800000000000182 0.055 0.0049999999999999975 15.0 0.0
121.0 125.0215 0.0484999999999971 0.055 0.0049999999999999975 15.0 0.0
120.0 122.5275 0.04749999999999943 0.05 0.0 15.0 0.0
119.0 120.1395 0.04550000000000409 0.05 0.0 15.0 0.0
118.0 117.833 0.045000000000001705 0.04 0.0 15.0 0.0
117.0 115.596 0.045000000000001705 0.04 0.0 15.0 0.0
116.0 113.5205 0.069500000000005 0.02 0.02 15.0 0.0
115.0 111.447 0.08299999999999841 0.02 0.02 15.0 0.0
114.0 109.315 0.045000000000001705 0.04 0.0 15.0 0.0
113.0 107.34299999999999 0.03999999999999915 0.04 0.0 15.0 0.0
112.0 105.53200000000001 0.06700000000000017 0.04 0.0 15.0 0.0
111.0 103.606 0.03999999999999915 0.04 0.0 15.0 0.0
110.0 101.8985 0.06749999999999545 0.03 0.0 15.0 0.0
109.0 100.17699999999999 0.07000000000000028 0.03 0.0 15.0 0.0
108.0 98.39 0.04000000000000625 0.03 0.0 15.0 0.0
107.0 96.82249999999999 0.06349999999999767 0.03 0.0 15.0 0.0
106.0 95.14 0.0379999999999967 0.03 0.0 15.0 0.0
105.0 93.6605 0.061499999999995225 0.025 0.004999999999999999 15.0 0.0
104.0 92.1605 0.06749999999999545 0.02 0.0 15.0 0.0
103.0 90.59649999999999 0.03750000000000142 0.02 0.0 15.0 0.0
102.0 89.227 0.0589999999999975 0.02 0.0 15.0 0.0
101.0 87.84450000000001 0.06349999999999767 0.02 0.0 15.0 0.0
100.0 86.48 0.06799999999999784 0.02 0.0 15.0 0.0
99.0 85.0565 0.03549999999999898 0.02 0.0 15.0 0.0
98.0 83.739 0.03300000000000125 0.015 0.005 15.0 0.0
97.0 82.54050000000001 0.05449999999999733 0.02 0.0 15.0 0.0
96.0 81.3195 0.05850000000000222 0.015 0.005 15.0 0.0
95.0 80.11449999999999 0.05850000000000222 0.01 0.0 15.0 0.0
94.0 78.84899999999999 0.03399999999999892 0.01 0.0 15.0 0.0
93.0 77.7535 0.054500000000004434 0.01 0.0 15.0 0.0
92.0 76.569 0.036000000000001364 0.01 0.0 15.0 0.0
91.0 75.4545 0.03249999999999886 0.01 0.0 15.0 0.0
90.0 74.368 0.03300000000000125 0.01 0.0 15.0 0.0
89.0 73.3055 0.03249999999999886 0.01 0.0 15.0 0.0
88.0 72.26750000000001 0.031500000000001194 0.01 0.0 15.0 0.0
87.0 71.25200000000001 0.030999999999998806 0.01 0.0 15.0 0.0
86.0 70.2565 0.030500000000003524 0.01 0.0 15.0 0.0
85.0 69.285 0.030000000000001137 0.01 0.0 15.0 0.0
84.0 68.334 0.028999999999996362 0.01 0.0 15.0 0.0
83.0 67.398 0.029000000000003467 0.01 0.0 15.0 0.0
82.0 66.4885 0.02750000000000341 0.01 0.0 15.0 0.0
81.0 65.5915 0.02850000000000108 0.01 0.0 15.0 0.0
80.0 64.709 0.027000000000001023 0.005 0.005 15.0 0.0
79.0 63.846999999999994 0.028999999999999915 0.0 0.0 15.0 0.0
78.0 63.004999999999995 0.02699999999999747 0.0 0.0 15.0 0.0
77.0 62.1775 0.026499999999998636 0.005 0.005 15.0 0.0
76.0 61.363 0.028999999999999915 0.0 0.0 15.0 0.0
75.0 60.565 0.0259999999999998 0.0 0.0 15.0 0.0
74.0 59.782 0.0259999999999998 0.0 0.0 15.0 0.0
73.0 59.0145 0.025500000000000966 0.0 0.0 15.0 0.0
72.0 58.2545 0.025500000000000966 0.0 0.0 15.0 0.0
71.0 57.516 0.02400000000000091 0.0 0.0 15.0 0.0
70.0 56.7855 0.025500000000000966 0.0 0.0 15.0 0.0
69.0 56.0685 0.025500000000000966 0.0 0.0 15.0 0.0
68.0 55.3605 0.026499999999998636 0.0 0.0 15.0 0.0
67.0 54.667500000000004 0.024499999999999744 0.0 0.0 15.0 0.0
66.0 53.983000000000004 0.023999999999997357 0.0 0.0 15.0 0.0
65.0 53.3095 0.023499999999998522 0.0 0.0 15.0 0.0
64.0 52.65 0.02400000000000091 0.0 0.0 15.0 0.0
63.0 51.998999999999995 0.022999999999999687 0.0 0.0 15.0 0.0
62.0 51.3575 0.024499999999999744 0.0 0.0 15.0 0.0
61.0 50.7285 0.0224999999999973 0.0 0.0 15.0 0.0
60.0 50.108000000000004 0.022000000000002018 0.0 0.0 15.0 0.0
59.0 49.494 0.02400000000000091 0.0 0.0 15.0 0.0
58.0 48.894499999999994 0.02149999999999963 0.0 0.0 15.0 0.0
57.0 48.306 0.022000000000002018 0.0 0.0 15.0 0.0
56.0 47.723 0.022999999999999687 0.0 0.0 15.0 0.0
55.0 47.152 0.021000000000000796 0.0 0.0 15.0 0.0
54.0 46.587 0.022000000000002018 -0.005 0.005 15.0 0.0
53.0 46.031 0.02499999999999858 -0.005 0.005 15.0 0.0
52.0 45.4855 0.02149999999999963 -0.005 0.005 15.0 0.0
51.0 44.9465 0.021500000000003183 -0.005 0.005 15.0 0.0
50.0 44.414 0.021000000000000796 0.0 0.0 15.0 0.0
49.0 43.885000000000005 0.022999999999999687 -0.005 0.005 15.0 0.0
48.0 43.3705 0.02049999999999841 -0.0055 0.0015 15.0 0.0
47.0 42.8595 0.019499999999997186 -0.006 0.001 15.0 0.0
46.0 42.362 0.021999999999998465 -0.006 0.001 15.0 0.0
45.0 41.8685 0.02050000000000196 -0.006 0.001 15.0 0.0
44.0 41.381 0.021000000000000796 -0.006 0.001 15.0 0.0
43.0 40.9005 0.022500000000000853 -0.006500000000000001 0.0005 15.0 0.0
42.0 40.426 0.019999999999999574 -0.006 0.0 15.0 0.0
41.0 39.959 0.019000000000001904 -0.006500000000000001 0.0005 15.0 0.0
40.0 39.5005 0.01950000000000074 -0.006500000000000001 0.0005 15.0 0.0
39.0 39.04900000000001 0.019999999999999574 -0.006500000000000001 0.0005 15.0 0.0
38.0 38.601 0.01899999999999835 -0.006500000000000001 0.0005 15.0 0.0
37.0 38.1625 0.01950000000000074 -0.007 0.0 15.0 0.0
36.0 37.7255 0.018499999999999517 -0.007 0.0 15.0 0.0
35.0 37.297 0.019000000000001904 -0.007 0.0 15.0 0.0
34.0 36.8705 0.01850000000000307 -0.007 0.0 15.0 0.0
33.0 36.457 0.018000000000000682 -0.007 0.0 15.0 0.0
32.0 36.047 0.019000000000001904 -0.007 0.0 15.0 0.0
31.0 35.6425 0.01950000000000074 -0.007 0.0 15.0 0.0
30.0 35.2435 0.018499999999999517 -0.008 0.0 15.0 0.0
29.0 34.846000000000004 0.01799999999999713 -0.008 0.0 15.0 0.0
28.0 34.4535 0.017499999999998295 -0.0075 0.0005 15.0 0.0
27.0 34.073499999999996 0.018499999999999517 -0.008 0.0 15.0 0.0
26.0 33.693 0.01699999999999946 -0.0075 0.0005 15.0 0.0
25.0 33.3185 0.01850000000000307 -0.008 0.0 15.0 0.0
24.0 32.949 0.018000000000000682 -0.0085 0.0004999999999999996 15.0 0.0
23.0 32.585499999999996 0.017500000000001847 -0.008 0.0009999999999999996 15.0 0.0
22.0 32.2265 0.017499999999998295 -0.009 0.0 15.0 0.0
21.0 31.872999999999998 0.017999999999998906 -0.009 0.0 15.0 0.0
20.0 31.523 0.018000000000000682 -0.009 0.0 15.0 0.0
19.0 31.176000000000002 0.017000000000001236 -0.009 0.0 15.0 0.0
18.0 30.8365 0.01750000000000007 -0.009 0.0 15.0 0.0
17.0 30.497500000000002 0.01649999999999885 -0.009 0.0 15.0 0.0
16.0 30.169 0.01699999999999946 -0.009 0.0 15.0 0.0
15.0 29.8415 0.016500000000000625 -0.008 0.0009999999999999996 15.0 0.0
14.0 29.5205 0.01750000000000007 -0.009 0.0 15.0 0.0
13.0 29.201 0.01699999999999946 -0.01 0.0 15.0 0.0
12.0 28.884999999999998 0.017000000000001236 -0.01 0.0 15.0 0.0
11.0 28.5745 0.016500000000000625 -0.01 0.0 15.0 0.0
10.0 28.2705 0.01550000000000118 -0.012 0.002 15.0 0.0
9.0 27.9685 0.01649999999999885 -0.01 0.0 15.0 0.0
8.0 27.671 0.016000000000000014 -0.012 0.002 15.0 0.0
7.0 27.3795 0.016500000000000625 -0.01 0.0 15.0 0.0
6.0 27.087000000000003 0.016000000000000014 -0.01 0.0 15.0 0.0
5.0 26.802999999999997 0.016000000000000014 -0.01 0.0 15.0 0.0
4.0 26.5185 0.015499999999999403 -0.01 0.0 15.0 0.0
3.0 26.2435 0.015499999999999403 -0.01 0.0 15.0 0.0
2.0 25.9685 0.01550000000000118 -0.01 0.0 15.0 0.0
1.0 25.6985 0.015499999999999403 -0.01 0.0 15.0 0.0
0.0 25.433 0.015000000000000568 -0.01 0.0 15.0 0.0
